74
469
974
613
1679
1230
990
614
860
580
127
1281
1180
1477
1238
680
1610
673
941
1298
663
292
1349
799
506
284
979
411
388
1216
1113
617
744
96
1133
723
1267
377
778
227
543
983
698
379
1196
1570
1296
491
731
25
1745
258
677
217
28
363
1707
929
1149
1234
1746
1728
879
473
523
117
386
1147
1618
1752
709
701
1056
249
109
67
268
1551
965
1576
1077
1359
1044
1138
1114
387
1263
1252
1210
1656
301
584
311
836
230
275
768
803
1562
1456
1097
1353
858
238
1511
10
650
1120
1398
893
296
869
867
433
593
395
844
1368
394
934
571
1419
1689
353
319
1109
1429
881
824
1086
1145
1774
541
1574
495
635
1764
1488
1004
1458
696
1007
1686
514
868
1042
310
649
172
615
1526
919
175
1066
1081
461
743
398
1631
290
41
1165
684
676
1561
79
1665
1743
721
1106
1400
1521
1584
401
154
1498
465
1403
261
216
924
806
1160
1323
455
444
1242
1256
1602
246
234
391
1740
905
409
1233
1046
980
875
727
1331
1110
368
820
1543
871
349
503
1544
414
1483
830
94
972
1776
521
104
475
348
1212
1168
831
812
1520
1502
370
396
574
479
626
1657
657
691
682
1115
1373
892
1011
880
964
1649
539
31
1277
1088
351
1016
410
180
325
1524
1523
1688
1275
30
468
1525
5
16
800
531
1370
1472
1603
1737
191
977
579
1255
1600
111
1019
1362
1723
1496
39
113
280
973
1200
1619
1758
749
482
1271
586
756
520
728
1288
1033
923
294
562
594
1194
1261
1068
40
502
1229
350
757
955
1
1565
185
454
1636
1621
1337
208
1340
576
278
1222
436
1356
1136
752
146
817
1629
1366
1075
1131
1698
1449
320
1733
1321
76
1516
1717
305
954
776
962
118
1581
1295
485
546
910
1633
1223
737
1591
823
567
1382
77
968
269
1560
1556
566
137
105
1761
1094
864
1617
329
236
648
121
233
253
665
130
1462
652
442
1729
1664
58
44
1355
1539
65
1431
1490
1538
192
399
1380
849
906
1154
1587
693
1176
1244
1185
103
986
996
400
1634
1049
671
1712
383
679
535
1262
1027
1053
149
1301
431
1005
1219
1727
1203
1706
1054
1777
589
1469
811
558
33
427
555
717
1720
1615
1620
224
1155
1062
1025
346
182
616
1673
1164
1453
1586
56
834
421
430
1433
1614
769
759
1123
1192
328
1280
239
168
1345
1179
449
1418
746
845
740
1710
341
636
808
1513
240
361
467
1130
710
1000
470
1594
1545
1647
335
1371
1691
107
748
1685
1218
1122
866
417
141
1184
1178
492
49
293
463
324
456
1713
1482
1770
1471
1341
622
604
716
1677
434
1247
1682
918
186
1183
1226
1536
464
895
1172
947
367
50
1388
536
235
459
1209
138
533
1071
1085
1491
1480
1102
1364
1028
1554
330
704
1416
42
1322
34
1763
52
251
78
532
1518
364
407
1423
136
1365
1325
232
1197
516
1270
371
780
274
120
1334
859
1489
188
939
1279
623
83
1450
839
1757
1635
747
381
625
619
1326
734
736
315
3
494
1333
90
1468
1695
878
106
1013
1251
685
874
1467
157
1243
1070
116
1604
1213
88
1158
1276
1002
553
1354
1762
1730
1473
1692
1443
366
863
497
100
1126
282
1445
1089
1144
518
565
942
1478
1181
1360
1324
194
1749
1585
1052
994
846
796
1101
991
527
1047
775
1307
1583
1441
1352
606
513
777
1769
1653
1061
629
60
1666
1599
1705
37
1302
1484
163
1038
904
921
1316
1358
658
1639
209
1214
457
1188
119
1095
1432
529
1550
151
1718
1759
750
1671
840
1643
35
199
462
561
211
1173
142
913
1402
1681
481
969
36
425
1379
1444
260
27
784
537
73
870
1547
1660
490
1348
1105
1590
828
97
774
975
4
552
848
1099
458
742
583
1659
618
1571
599
953
279
420
672
164
1320
158
1162
559
1303
938
755
690
569
670
1182
526
641
807
1012
125
178
1132
530
1457
338
1208
1140
872
754
242
309
183
1503
339
719
637
257
632
263
1166
1297
273
1314
1169
1306
1527
952
1146
59
883
17
837
1755
1464
270
262
1684
1065
542
785
1426
1540
340
1117
250
1024
645
557
415
891
643
1446
640
1387
827
801
1708
1736
779
1532
1414
633
1299
945
825
772
150
1125
1739
797
1014
851
1189
1613
1514
1616
1258
662
1558
1207
1775
187
205
1452
647
1579
901
1220
976
554
1191
712
488
1572
745
357
1670
1555
984
1119
915
1342
946
1396
1112
1283
12
902
646
448
373
1667
173
1269
1344
439
598
114
829
1447
1750
1650
480
900
1535
1351
277
1637
862
1412
627
1504
452
1083
914
1312
932
1266
496
960
1374
1765
1153
950
259
508
445
1073
406
1237
1092
1034
1711
229
1137
486
317
1381
1329
174
568
1589
51
1319
223
603
788
726
499
841
1045
666
378
66
303
958
1505
898
1678
1509
1008
1328
1069
428
1346
588
865
1284
1425
360
61
287
1460
1559
226
75
620
1512
802
578
1202
306
82
818
509
930
813
702
89
1726
944
1401
1141
1493
1289
471
264
961
85
971
782
1577
55
548
419
550
202
760
1245
1118
1459
937
1067
1190
1020
1407
1142
219
791
607
715
1440
876
1026
1668
333
1552
886
997
334
159
166
134
1451
1347
1335
1609
1273
483
1409
1204
1454
254
1690
297
384
1687
1756
741
22
23
1606
375
1573
912
564
1640
139
352
687
585
1607
1463
1015
638
963
170
669
435
110
1225
686
466
1124
1394
1291
1161
1481
850
1235
390
152
256
1041
443
706
69
1702
833
255
244
1236
1622
32
484
510
1641
577
668
766
1517
967
810
1612
674
1264
38
1135
128
1651
600
1246
1405
144
1084
374
1542
1595
1700
758
1580
393
218
18
1722
1541
181
1058
1129
169
1090
91
664
1588
7
1332
1272
286
1035
631
887
989
312
970
252
200
995
1731
1442
1742
437
298
1108
505
735
206
1167
1018
197
1199
660
1709
1582
795
689
1436
694
1714
288
405
1632
440
299
916
237
1170
897
450
215
711
358
1127
1725
416
1568
804
212
1575
1466
408
889
222
1384
1037
1674
753
978
688
1287
884
1528
602
1676
896
1338
342
148
1507
1076
1079
763
573
547
993
1143
57
773
389
1001
123
966
1567
1515
907
1057
1023
1748
524
1372
1389
1439
1239
347
314
1771
46
460
304
489
630
228
1096
596
751
403
376
336
885
545
1175
160
266
1476
1754
1703
193
307
560
1350
1652
1437
605
1475
1393
729
538
1626
1533
1430
1253
855
654
1231
1578
1051
1531
894
762
1642
899
1501
1104
204
940
1375
838
1286
355
739
1768
1404
1693
667
1753
289
957
1072
424
587
1654
1221
1500
1163
98
1377
404
525
515
1107
1546
595
1310
1148
1317
8
1010
790
498
1039
45
882
1309
276
570
1474
1151
14
161
856
1704
917
101
1499
93
221
29
642
1059
345
80
1098
1553
714
81
1198
1494
1378
1662
1646
1274
1420
281
692
1159
1395
544
422
1211
2
418
13
63
243
68
1734
732
162
591
1156
1177
911
511
132
1751
582
1367
1055
1461
1699
43
1391
1564
581
771
1330
1361
321
922
765
597
1265
843
1596
1628
1250
99
179
323
1406
1022
245
327
738
1413
397
707
1537
272
1530
1074
1313
135
1386
1031
1249
441
313
392
337
92
1601
1648
1248
438
189
708
477
153
1009
129
1078
493
1282
1625
1424
500
9
265
1508
1064
705
1292
1611
1260
54
1624
1738
1100
1408
1006
1048
988
1357
681
612
720
1385
302
501
1327
1040
1485
854
6
1563
1427
504
155
332
354
95
1623
47
793
1305
920
1724
786
133
1171
380
147
814
48
861
519
1415
1548
285
959
331
1392
140
1304
15
1421
1529
730
53
84
1434
956
1766
816
476
987
826
20
699
700
815
446
112
908
517
156
1495
1383
609
184
1217
783
382
572
1605
326
248
1315
999
167
1278
1087
549
1259
24
512
601
563
821
628
70
695
1694
402
575
1592
1644
1627
624
722
1506
198
1187
644
1465
1593
1716
653
1195
1487
143
1139
985
1658
1336
928
300
847
835
1397
1232
832
472
1285
540
1411
267
655
933
1241
819
877
890
1741
1134
926
1063
291
639
888
1455
683
522
241
1772
1519
1680
1174
177
1050
1030
26
1215
1294
678
1735
718
592
1655
207
608
1719
651
805
1343
231
359
1715
102
87
1116
842
534
1566
21
1206
507
1228
661
372
1121
423
852
610
873
724
857
822
725
0
213
1479
551
1339
1497
343
992
1767
176
474
925
1017
1082
1744
344
1448
1029
798
1363
1257
1036
322
1205
369
590
451
478
1701
1598
1760
1645
447
1422
1043
943
936
1773
789
1032
1608
356
1308
621
295
108
432
1376
556
72
1021
19
1438
131
203
853
1549
903
122
1186
1152
385
656
1128
426
611
1557
126
283
703
1410
761
1080
1240
316
1311
767
634
1369
1683
1638
11
948
1300
1428
981
1201
1470
1697
318
1150
429
1597
1510
165
308
733
86
675
1534
271
1522
1661
764
794
1290
1696
220
225
124
171
1675
412
1721
1227
1399
792
909
413
697
196
713
365
195
453
781
982
362
1417
1224
1318
1669
1060
247
528
64
659
1663
1486
1111
998
949
1492
1293
201
809
1103
1732
770
1390
1003
190
935
71
1747
487
1193
1569
1268
1093
145
787
62
210
951
1254
1157
1630
1672
1435
214
1091
931
115
927