0.7958803648995881
0.7272478094195375
0.7122692359556065
0.7046919016554805
0.6971198833814942
0.6939609452049331
0.6880819708994119
0.6855410042375621
0.6826327437221413
0.6835463607665335
0.6805158558458385
0.675843878547744
0.6741907041851837
0.6731082997699775
0.6704532734238275
0.6684930560612442
0.6698591697334063
0.6667684877272879
0.6637331985010959
0.662589971971984
0.6620567476395334
0.6649278207580642
0.6650474071502686
0.6614394713156294
0.6596566910790925
0.6587329211801586
0.657726004572198
0.6565860143982538
0.659546142167384
0.6563305376779915
0.6557657925209196
0.6551252025188786
0.6549845379177887
0.6543792438979196
0.6538307879230764
0.6535980335556635
0.6533184612151419
0.6527399267300521
0.6523322663684883
0.6522773179677454
0.6518822253340542
0.6517436710914762
0.6515647090307557
0.6513351485280707
0.6513275191335395
0.6510226136386985
0.6507544364079391
0.652236023161671
0.6550641301834937
0.65269803587753
0.6510334498811476
0.6504108427774788
0.650163199051772
0.65007086378513
0.6498034903318575
0.6494572811787671
0.64942734902448
0.6493365640687471
0.6493597797828146
0.649156380407881
0.6488509260781921
0.6490252507795201
0.648882795088362
0.6486546161151169
0.6487478790896954
0.6485482348073827
0.6486019049540604
0.6486486946002091
0.6483375005202718
0.6483759584993419
