0.20780816674232483
0.2849925458431244
0.35092687606811523
0.37189069390296936
0.4101181626319885
0.4305528700351715
0.4588872194290161
0.4695093035697937
0.4821052849292755
0.47492992877960205
0.48822280764579773
0.5165533423423767
0.5239441990852356
0.5309041738510132
0.5522252917289734
0.5668493509292603
0.5588900446891785
0.5770542621612549
0.6006370186805725
0.6052782535552979
0.6099088788032532
0.584782600402832
0.587581217288971
0.6142935752868652
0.6275840401649475
0.6358835101127625
0.6443819999694824
0.6515536904335022
0.626374363899231
0.6543878316879272
0.6584456562995911
0.662665069103241
0.6637343764305115
0.6684901118278503
0.6746388673782349
0.6756479740142822
0.679271936416626
0.6844757795333862
0.6868188977241516
0.6878678202629089
0.6906143426895142
0.6925536394119263
0.6946547031402588
0.6956728100776672
0.6953364014625549
0.6979328393936157
0.7002508640289307
0.6904390454292297
0.6602984070777893
0.6796468496322632
0.6967803835868835
0.702447772026062
0.7047502398490906
0.7064409255981445
0.7098325490951538
0.7118184566497803
0.7123950123786926
0.7129698991775513
0.7137678861618042
0.7159374356269836
0.7160710692405701
0.7156187295913696
0.7175719738006592
0.7192844152450562
0.7180822491645813
0.7203315496444702
0.7194426655769348
0.7201959490776062
0.7216715812683105
0.7211329936981201
