1210
1656
301
584
311
836
230
275
768
803
1562
1456
1097
1353
858
238
1511
10
650
1120
1398
893
296
869
867
433
593
395
844
1368
394
934
571
1419
1689
353
319
1109
1429
881
824
1086
1145
1774
541
1574
495
635
1764
1488
1004
1458
696
1007
1686
514
868
1042
310
649
172
615
1526
919
175
1066
1081
461
743
398
1631
290
41
1165
684
676
1561
79
1665
1743
721
1106
1400
1521
1584
401
154
1498
465
1403
261
216
924
806
1160
1323
455
444
1242
1256
1602
246
234
391
1740
905
409
1233
1046
980
875
727
1331
1110
368
820
1543
871
349
503
1544
414
1483
830
94
972
1776
521
104
475
348
1212
1168
831
812
1520
1502
370
396
574
479
626
1657
657
691
682
1115
1373
892
1011
880
964
1649
539
31
1277
1088
351
1016
410
180
325
1524
1523
1688
1275
30
468
1525
5
16
800
531
1370
1472
1603
1737
191
977
579
1255
1600
111
1019
1362
1723
1496
39
113
280
973
1200
1619
1758
749
482
1271
586
756
520
728
1288
1033
923
294
562
594
1194
1261
1068
40
502
1229
350
757
955
1
1565
185
454
1636
1621
1337
208
1340
576
278
1222
436
1356
1136
752
146
817
1629
1366
1075
1131
1698
1449
320
1733
1321
76
1516
1717
305
954
776
962
118
1581
1295
485
546
910
1633
1223
737
1591
823
567
1382
77
968
269
1560
1556
566
137
105
1761
1094
864
1617
329
236
648
121
233
253
665
130
1462
652
442
1729
1664
58
44
1355
1539
65
1431
1490
1538
192
399
1380
849
906
1154
1587
693
1176
1244
1185
103
986
996
400
1634
1049
671
1712
383
679
535
1262
1027
1053
149
1301
431
1005
1219
1727
1203
1706
1054
1777
589
1469
811
558
33
427
555
717
1720
1615
1620
224
1155
1062
1025
346
182
616
1673
1164
1453
1586
56
834
421
430
1433
1614
769
759
1123
1192
328
1280
239
168
1345
1179
449
1418
746
845
740
1710
341
636
808
1513
240
361
467
1130
710
1000
470
1594
1545
1647
335
1371
1691
107
748
1685
1218
1122
866
417
141
1184
1178
492
49
293
463
324
456
1713
1482
1770
1471
1341
622
604
716
1677
434
1247
1682
918
186
1183
1226
1536
464
895
1172
947
367
50
1388
536
235
459
1209
138
533
1071
1085
1491
1480
1102
1364
1028
1554
330
704
1416
42
1322
34
1763
52
251
78
532
1518
364
407
1423
136
1365
1325
232
1197
516
1270
371
780
274
120
1334
859
1489
188
939
1279
623
83
1450
839
1757
1635
747
381
625
619
1326
734
736
315
3
494
1333
90
1468
1695
878
106
1013
1251
685
874
1467
157
1243
1070
116
1604
1213
88
1158
1276
1002
553
1354
1762
1730
1473
1692
1443
366
863
497
100
1126
282
1445
1089
1144
518
565
942
1478
1181
1360
1324
194
1749
1585
1052
994
846
796
1101
991
527
1047
775
1307
1583
1441
1352
606
513
777
1769
1653
1061
629
60
1666
1599
1705
37
1302
1484
163
1038
904
921
1316
1358
658
1639
209
1214
457
1188
119
1095
1432
529
1550
151
1718
1759
750
1671
840
1643
35
199
462
561
211
1173
142
913
1402
1681
481
969
36
425
1379
1444
260
27
784
537
73
870
1547
1660
490
1348
1105
1590
828
97
774
975
4
552
848
1099
458
742
583
1659
618
1571
599
953
279
420
672
164
1320
158
1162
559
1303
938
755
690
569
670
1182
526
641
807
1012
125
178
1132
530
1457
338
1208
1140
872
754
242
309
183
1503
339
719
637
257
632
263
1166
1297
273
1314
1169
1306
1527
952
1146
59
883
17
837
1755
1464
270
262
1684
1065
542
785
1426
1540
340
1117
250
1024
645
557
415
891
643
1446
640
1387
827
801
1708
1736
779
1532
1414
633
1299
945
825
772
150
1125
1739
797
1014
851
1189
1613
1514
1616
1258
662
1558
1207
1775
187
205
1452
647
1579
901
1220
976
554
1191
712
488
1572
745
357
1670
1555
984
1119
915
1342
946
1396
1112
1283
12
902
646
448
373
1667
173
1269
1344
439
598
114
829
1447
1750
1650
480
900
1535
1351
277
1637
862
1412
627
1504
452
1083
914
1312
932
1266
496
960
1374
1765
1153
950
259
