508
445
1073
406
1237
1092
1034
1711
229
1137
486
317
1381
1329
174
568
1589
51
1319
223
603
788
726
499
841
1045
666
378
66
303
958
1505
898
1678
1509
1008
1328
1069
428
1346
588
865
1284
1425
360
61
287
1460
1559
226
75
620
1512
802
578
1202
306
82
818
509
930
813
702
89
1726
944
1401
1141
1493
1289
471
264
961
85
971
782
1577
55
548
419
550
202
760
1245
1118
1459
937
1067
1190
1020
1407
1142
219
791
607
715
1440
876
1026
1668
333
1552
886
997
334
159
166
134
1451
1347
1335
1609
1273
483
1409
1204
1454
254
1690
297
384
1687
1756
741
22
23
1606
375
1573
912
564
1640
139
352
687
585
1607
1463
1015
638
963
170
669
435
110
1225
686
466
1124
1394
1291
1161
1481
850
1235
390
152
256
1041
443
706
69
1702
833
255
244
1236
1622
32
484
510
1641
577
668
766
1517
967
810
1612
674
1264
38
1135
128
1651
600
1246
1405
144
1084
374
1542
1595
1700
758
1580
393
218
18
1722
1541
181
1058
1129
169
1090
91
664
1588
7
1332
1272
286
1035
631
887
989
312
970
252
200
995
1731
1442
1742
437
298
1108
505
735
206
1167
1018
197
1199
660
1709
1582
795
689
1436
694
1714
288
405
1632
440
299
916
237
1170
897
450
215
711
358
1127
1725
416
1568
804
212
1575
1466
408
889
222
1384
1037
1674
753
978
688
1287
884
1528
602
1676
896
1338
342
148
1507
1076
1079
763
573
547
993
1143
57
773
389
1001
123
966
1567
1515
907
1057
1023
1748
524
1372
1389
1439
1239
347
314
1771
46
460
304
489
630
228
1096
596
751
403
376
336
885
545
1175
160
266
1476
1754
1703
193
307
560
1350
1652
1437
605
1475
1393
729
538
1626
1533
1430
1253
855
654
1231
1578
1051
1531
894
762
1642
899
1501
1104
204
940
1375
838
1286
355
739
1768
1404
1693
667
1753
289
957
1072
424
587
1654
1221
1500
1163
98
1377
404
525
515
1107
1546
595
1310
1148
1317
8
1010
790
498
1039
45
882
1309
276
570
1474
1151
14
161
856
1704
917
101
1499
93
221
29
642
1059
345
80
1098
1553
714
81
1198
1494
1378
1662
1646
1274
1420
281
692
1159
1395
544
422
1211
2
418
13
63
243
68
1734
732
162
591
1156
1177
911
511
132
1751
582
1367
1055
1461
1699
43
1391
1564
581
771
1330
1361
321
922
765
597
1265
843
1596
1628
1250
99
179
323
1406
1022
245
327
738
1413
397
707
1537
272
1530
1074
1313
135
1386
1031
1249
441
313
392
337
92
1601
1648
1248
438
189
708
477
153
1009
129
1078
493
1282
1625
1424
500
9
265
1508
1064
705
1292
1611
1260
54
1624
1738
1100
1408
1006
1048
988
1357
681
612
720
1385
302
501
1327
1040
1485
854
6
1563
1427
504
155
332
354
95
1623
47
793
1305
920
1724
786
133
1171
380
147
814
48
861
519
1415
1548
285
959
331
1392
140
1304
15
1421
1529
730
53
84
1434
956
1766
816
476
987
826
20
699
700
815
446
112
908
517
156
1495
1383
609
184
1217
783
382
572
1605
326
248
1315
999
167
1278
1087
549
1259
24
512
601
563
821
628
70
695
1694
402
575
1592
1644
1627
624
722
1506
198
1187
644
1465
1593
1716
653
1195
1487
143
1139
985
1658
1336
928
300
847
835
1397
1232
832
472
1285
540
1411
267
655
933
1241
819
877
890
1741
1134
926
1063
291
639
888
1455
683
522
241
1772
1519
1680
1174
177
1050
1030
26
1215
1294
678
1735
718
592
1655
207
608
1719
651
805
1343
231
359
1715
102
87
1116
842
534
1566
21
1206
507
1228
661
372
1121
423
852
610
873
724
857
822
725
0
213
1479
551
1339
1497
343
992
1767
176
474
925
1017
1082
1744
344
1448
1029
798
1363
1257
1036
322
1205
369
590
451
478
1701
1598
1760
1645
447
1422
1043
943
936
1773
789
1032
1608
356
1308
621
295
108
432
1376
556
72
1021
19
1438
131
203
853
1549
903
122
1186
1152
385
656
1128
426
611
1557
126
283
703
1410
761
1080
1240
316
1311
767
634
1369
1683
1638
11
948
1300
1428
981
1201
1470
1697
318
1150
429
1597
1510
165
308
733
86
675
1534
271
1522
1661
764
794
1290
1696
220
225
124
171
1675
412
1721
1227
1399
792
909
413
697
196
713
365
195
453
781
982
362
1417
1224
1318
1669
1060
247
528
64
659
1663
1486
1111
998
949
1492
1293
201
809
1103
1732
770
1390
1003
190
935
71
1747
487
1193
1569
1268
1093
145
787
62
210
951
1254
1157
1630
1672
1435
214
1091
931
115
927
