0.34956875443458557
0.5003828406333923
0.5911076068878174
0.6066212058067322
0.6864799857139587
0.5164434909820557
0.7117533087730408
0.6225203275680542
0.5902475714683533
0.6695739030838013
0.675349771976471
0.6613953113555908
0.6231235265731812
0.5767001509666443
0.6827858090400696
0.770553708076477
0.750835120677948
0.7414601445198059
0.7040048241615295
0.730429470539093
0.7556943297386169
0.6817411184310913
0.5989723205566406
0.7204353213310242
0.7346548438072205
0.7293192148208618
0.775088369846344
0.8003208041191101
0.770663857460022
0.7876597046852112
0.8181151747703552
0.804996132850647
0.8356248736381531
0.8065671920776367
0.8050182461738586
0.791285514831543
0.7706972360610962
0.7577465176582336
0.7963184118270874
0.8156518936157227
0.819628894329071
0.8016307950019836
0.8176412582397461
0.8076190948486328
0.8071844577789307
0.8143482208251953
0.7982789874076843
0.7710434794425964
0.7664077281951904
0.803044319152832
0.7994229197502136
0.8084595799446106
0.8044779300689697
0.8134849071502686
0.8116296529769897
0.810708224773407
0.8044100999832153
0.8118875026702881
0.819325864315033
0.7978470325469971
0.8139908313751221
0.8051891922950745
0.8146049976348877
0.8183829188346863
0.8157042860984802
0.8117347359657288
0.8093823194503784
0.8140571117401123
0.8187335133552551
0.8155460953712463
