0.684071112762798
0.6500899574973367
0.6446293592453003
0.6413378715515137
0.6350772001526572
0.642774907025424
0.6331566247073087
0.6385978677056052
0.6401491761207581
0.6353472796353427
0.6346839016134088
0.6362120400775563
0.6383100693876093
0.639800635251132
0.6357096054337241
0.6296616413376548
0.630795955657959
0.6322577595710754
0.6345139362595298
0.6333481669425964
0.6301700527017767
0.6370826309377496
0.6403284018689935
0.6328775503418662
0.6306114250963385
0.632561748678034
0.6294800801710649
0.6279287121512673
0.6297159032388167
0.6302143931388855
0.6277526454492048
0.6287461573427374
0.630328893661499
0.6307010488076643
0.6281369220126759
0.6306733055548235
0.6309355118057944
0.6315497105771845
0.6287084546956149
0.6270326267589222
0.6268962350758639
0.6287054907191884
0.6274684992703524
0.6280754479494962
0.6287421584129333
0.6281853480772539
0.6295206059109081
0.6310311989350752
0.6313991925933145
0.6292907487262379
0.6295742880214344
0.6289459575306285
0.6298325928774747
0.6294203021309592
0.6289978623390198
0.6292247067798268
0.6295999071814797
0.62927077033303
0.628603994846344
0.6299471313303168
0.6292619976130399
0.6299314065413042
0.6289975426413796
0.6285832199183378
0.6293797926469282
0.6291553323919122
0.6295206600969488
0.6288008256392046
0.6287673224102367
0.6288212212649259
